+---------------+---------------+---------------+---------------+--------------+
| 0.98422160726 | 0.54299397748 | 0.65511419617 | 0.91515797345 | 0.7922462382 |
|     36497     |     9056      |     12049     |     70436     |    037158    |
+===============+===============+===============+===============+==============+
| 0.050         | 0.976         | 0.563         | 0.651         | 0.544        |
+---------------+---------------+---------------+---------------+--------------+
| 0.579         | 0.214         | 0.641         | 0.573         | 0.002        |
+---------------+---------------+---------------+---------------+--------------+
| 0.343         | 0.435         | 0.186         | 0.350         | 0.135        |
+---------------+---------------+---------------+---------------+--------------+
| 0.780         | 0.959         | 0.127         | 0.256         | 0.658        |
+---------------+---------------+---------------+---------------+--------------+
| 0.579         | 0.177         | 0.765         | 0.694         | 0.500        |
+---------------+---------------+---------------+---------------+--------------+
| 0.912         | 0.387         | 0.525         | 0.184         | 0.724        |
+---------------+---------------+---------------+---------------+--------------+
| 0.953         | 0.106         | 0.428         | 0.019         | 0.878        |
+---------------+---------------+---------------+---------------+--------------+
| 0.857         | 0.507         | 0.705         | 0.061         | 0.456        |
+---------------+---------------+---------------+---------------+--------------+
| 0.038         | 0.373         | 0.048         | 0.560         | 0.966        |
+---------------+---------------+---------------+---------------+--------------+